136
   205
   189
   184
   193
   194
  -187
   253
   243
   132
    -7
   148
   126
   229
  -111
   -15
  -108
  -123
   -89
  -137
  -103
   -52
   122
   -55
   -87
  -196
    54
   -11
   -14
   124
   251
   -98
    42
  -249
    25
    64
  -202
  -212
   224
    73
   193
   161
  -133
   -24
   -96
   184
  -118
  -255
    72
   193
   254
    50
  -233
   179
   127
  -159
  -204
    45
  -129
   -56
   -63
   104
   189
    -7
    93
  -128
   146
   208
   124
  -145
    42
   -17
    71
     8
  -227
    10
  -129
     4
   -52
  -244
   195
   -57
  -126
  -134
    97
   125
   -73
  -218
   236
   202
   166
  -139
  -231
   100
   -59
  -168
    92
  -186
   233
    82
   224
   -87
     0
   200
   237
   -77
   204
  -148
  -173
   192
   -62
  -150
    33
  -215
    23
   -87
   157
   -73
  -221
   194
  -120
   -20
   -34
    19
  -142
   223
   -10
   -15
   205
  -132
   207
    60
  -256
   171
    67
   -72
   157
   237
    -3
   183
  -222
  -252
   -90
    82
  -126
  -151
  -101
   146
   -53
  -227
   234
   -29
     9
   -75
   -39
    64
  -139
   238
  -217
   192
    46
  -112
    43
    33
   162
   -82
  -141
    82
  -166
   -64
   -38
   216
  -111
  -132
   138
  -232
  -176
   -86
  -194
   253
    15
    20
    -1
  -228
   211
  -162
   -97
   170
  -162
   -85
   -60
    -6
   -36
  -220
  -100
  -235
   -45
   -87
   -44
   197
  -247
   -86
    73
  -113
  -234
   237
   245
     4
  -122
    73
   149
  -118
  -173
  -233
  -113
  -251
   223
   220
    90
   212
   -42
    46
  -174
   -41
     6
   150
   -70
   -93
  -111
   207
    -6
   164
    88
    81
  -116
    64
   208
   -57
  -255
    79
  -103
  -196
   -66
   199
  -190
  -154
  -145
    31
   -54
   249
  -146
   217
   -19
  -246
  -242
  -172
  -148
   -53
  -207
  -120
   -18
   -28
  -133
   -65
    19
   160
  -141
   -60
   142
  -194
   -34
   173
    97
   -56
  -238
   125
    28
    57
    66
   -18
   -30
   197
  -215
  -175
   235
   221
  -109
    70
  -120
   131
    63
  -206
    32
    11
    71
   144
  -122
   -26
  -124
  -175
   115
    61
   144
   -35
    72
   -46
    37
   154
   215
   -88
   255
    69
   205
  -142
    77
   158
    37
   188
  -123
   -19
  -240
  -230
  -211
   -84
   176
  -172
   -20
    24
  -243
   -57
    50
   126
  -216
   188
    20
    39
  -109
   211
    58
    15
    67
   216
  -223
   -75
    -4
   191
   -66
  -120
   216
   -70
   -94
    89
   251
  -132
   143
   -13
    59
     4
  -168
   196
   189
   -30
  -175
    51
  -142
   240
   -55
    68
   -33
  -143
   156
   171
     0
   238
  -119
  -231
  -131
   203
   -12
    81
   138
  -235
   -29
   192
  -166
  -166
  -163
   -35
   138
  -221
   -26
  -209
  -198
    75
    93
   228
    70
   -31
    16
    26
     8
  -249
    58
  -247
   237
   -99
     3
  -134
   -47
   164
  -248
   204
   -66
   -41
   -89
  -226
    25
  -132
   142
   -49
    10
   143
   183
   169
   225
   198
  -188
    76
   226
  -212
   120
  -144
  -219
  -147
  -212
   199
  -222
   146
  -116
  -245
   188
   182
    94
   217
   160
    61
  -160
    86
  -104
   244
    71
  -174
   175
  -155
    65
   152
   180
  -234
    12
  -204
  -151
   140
   112
   110
   108
    20
    -2
  -174
  -204
  -243
   194
   198
  -190
   218
    96
  -125
    47
    87
   157
   212
  -226
   246
   -11
   -75
   140
     0
    54
   -88
   236
   106
   161
   131
    45
   149
   205
   -80
  -224
  -207
  -207
   -93
  -175
   -81
   233
   -13
   149
   129
   176
   -16
    44
   138
  -115
  -203
   131
  -232
    14
  -110
   168
  -165
   -15
  -209
   160
   124
   229
    42
    25
   214
  -181
    -8
   -16
  -185
    56
  -146
  -132
   169
  -249
    28
   156
  -210
   -52
    75
  -194
  -252
   112
  -198
    36
   -22
   -26
  -188
  -209
   -26
    17
  -228
  -249
  -239
   -36
   -91
   197
   109
  -166
    91
   -37
   165
    97
    73
   109
  -107
  -180
    81
  -174
   100
  -234
  -110
   190
   182
   182
   136
  -118
    26
   -59
     3
  -256
   150
   244
   236
     0
   -56
  -214
  -170
  -123
   235
   -99
   -34
    21
   201
  -197
   -25
    60
   -46
    76
  -158
    39
   237
  -107
   -60
    88
    80
   -87
  -129
   245
  -140
    38
   122
  -179
   162
   135
   198
  -144
  -111
   209
    88
    62
   167
     0
    -9
  -196
   159
  -200
   175
  -150
   -18
  -140
  -163
    93
    17
   217
    27
   -51
  -149
   216
    69
   107
    35
   130
    10
   161
   -47
   110
   -61
  -237
   198
  -125
    35
  -240
  -176
  -178
   118
   114
   142
  -133
   190
  -115
   225
     6
  -145
   112
  -216
   -62
   180
    93
  -225
   -78
   241
  -122
   146
   195
  -188
   250
    91
  -227
   199
  -123
    15
   239
   154
   244
   -82
   -68
   -53
  -176
  -140
  -190
  -139
  -148
  -123
   164
    79
   249
   178
    79
   -94
   225
    -4
  -183
  -202
     8
  -245
  -163
   187
  -145
  -105
  -247
    82
    85
   -52
  -157
  -152
     4
  -240
   177
  -232
  -226
   174
  -155
    56
   214
   222
  -254
  -186
   -46
   210
  -225
    16
    -2
   -82
   224
  -169
    63
   -63
   133
    -3
  -213
    86
    85
     3
   161
  -207
   123
  -255
    51
    54
  -130
    65
   255
  -246
   171
   236
  -233
    59
   -84
    72
   -84
   173
  -171
   -98
  -101
   -86
  -182
   137
   136
    36
  -213
  -161
  -236
   223
   229
  -149
   222
    12
   131
    47
  -172
   236
  -189
    38
    12
  -220
   156
   -39
  -211
    22
   173
   160
   165
  -103
   251
  -104
    29
  -255
   128
   126
   -90
   156
   -12
  -255
  -231
  -243
   153
  -159
    43
  -161
   204
  -147
   147
  -135
   131
  -153
   168
  -176
    34
   -86
    43
   175
   181
  -112
   -52
  -107
    83
   220
   179
    29
    48
   -57
  -233
     6
     6
  -215
   200
   -43
    27
  -155
  -166
    65
    98
    82
  -247
  -169
   180
   -53
   134
   -34
   220
  -247
    94
  -102
   -55
    45
   -82
   199
  -155
   -90
   228
     7
   200
   120
  -107
  -165
   -23
  -223
   -37
   158
    -4
   112
  -154
   -91
   -26
    11
    74
   243
  -212
   154
   -90
  -103
   155
  -221
   113
  -184
   -54
   129
    76
    39
   146
   -73
   224
   -40
  -115
  -125
    63
   117
  -156
  -210
   -99
  -232
   185
  -244
   207
   -21
   -23
   243
   191
  -207
  -248
  -144
   131
    42
  -180
   192
   191
   -22
   -93
  -242
   173
   114
   202
     4
  -121
   -32
    -4
    -4
   224
    12
    26
   -30
  -174
     3
  -183
  -223
   -54
   -52
    98
  -205
   133
   235
    99
    91
   -67
    68
    66
   -54
  -157
    16
   -40
    26
   233
  -127
   219
   138
    89
   -57
   -37
   -85
  -194
  -123
   129
  -204
   196
    13
  -200
  -254
   197
  -121
   -11
    77
    69
   224
   249
    19
   148
  -213
  -181
  -150
   205
   -66
   163
    26
    -5
   -13
  -183
    14
    62
    35
    94
   226
   -51
   126
   146
   -11
  -166
   179
   181
  -256
   178
   172
    11
   199
     2
  -144
   -92
   141
  -220
   -83
   212
    84
  -199
   -11
  -219
   -23
   196
    66
    16
    65
  -240
    18
    79
  -223
